0 0.21252343749999997 0.0526772114821324 0.030421874999999998 0.030843585237258348
0 0.2076484375 0.07795547744581136 0.03546875 0.03103104862331576
0 0.20647656250000002 0.10420620972466314 0.042984375000000005 0.02681312243702402
0 0.2020703125 0.12807850029291154 0.051796875 0.02876391329818395
0 0.1987265625 0.15291739894551845 0.048625 0.029818394844756884
0 0.19437500000000002 0.1786233157586409 0.049796875000000004 0.02945518453427065
0 0.1857421875 0.2036438195664909 0.0487421875 0.026649091974223785
0 0.17276562499999998 0.2265319273579379 0.0389921875 0.026988869361452842
0 0.1717109375 0.25080843585237256 0.04815625 0.027451669595782074
0 0.16959375000000002 0.27673696543643816 0.049562499999999995 0.03016988869361453
0 0.1678359375 0.30130052724077333 0.050265625 0.029625073227885178
0 0.1656015625 0.3285237258347979 0.048625 0.03228471001757469
0 0.16307812500000002 0.3556531927357938 0.0456875 0.03053309900410076
0 0.161609375 0.38123022847100174 0.0476875 0.027264206209724664
0 0.163609375 0.4062858816637375 0.0544921875 0.032460456942003516
0 0.160375 0.43183362624487404 0.045921875 0.030708845928529585
0 0.15614843750000001 0.45882249560632693 0.0487421875 0.028142940831868773
0 0.152859375 0.48414762741652023 0.046390625000000005 0.02859402460456942
0 0.15409375 0.5100351493848858 0.0523828125 0.026479203280609258
0 0.1496875 0.5344288224956063 0.048507812500000004 0.03087287639132982
0 0.1512734375 0.5618687756297598 0.049562499999999995 0.028154657293497365
0 0.1488671875 0.5863034563561804 0.052500000000000005 0.030005858230814295
0 0.14739843749999998 0.612671353251318 0.0587265625 0.029361452841241944
0 0.143109375 0.6387873462214412 0.0438046875 0.029285295840656124
0 0.14340625 0.666713532513181 0.05496875 0.02912126537785589
0 0.141171875 0.6930462800234329 0.0472109375 0.03106033977738723
0 0.1386484375 0.7209607498535443 0.04475 0.030884592852958404
0 0.1378828125 0.7476274165202109 0.049562499999999995 0.027147041593438784
0 0.13482812500000002 0.7729994141769185 0.049093750000000005 0.032442882249560635
0 0.1371171875 0.8018043350908026 0.0557890625 0.02981253661394259
0 0.1328359375 0.8301698886936145 0.05496875 0.028418277680140595
0 0.1315390625 0.8561570005858231 0.055203125 0.029666080843585237
0 0.5962734375000001 0.10502050380785004 0.034 0.025600468658465145
0 0.5952578125 0.12942003514938488 0.038921875 0.02748681898066784
0 0.5940859374999999 0.15314001171646163 0.0404375 0.025114235500878733
0 0.59096875 0.17598125366139425 0.038843749999999996 0.028517867603983598
0 0.5898125000000001 0.1988107791446983 0.034984375 0.024950205038078502
0 0.5888125 0.2243643819566491 0.034515625 0.025090802577621557
0 0.5826328125 0.24758055067369655 0.02834375 0.024036321031048625
0 0.5859140625 0.27202694786174575 0.0341328125 0.02427650849443468
0 0.5812578125 0.2963093145869947 0.029445312499999998 0.024188635032220268
0 0.5742421875 0.31975981253661395 0.0270078125 0.023022847100175745
0 0.5761796875 0.343825424721734 0.036296875 0.023667252489748096
0 0.572796875 0.367609841827768 0.024125 0.02431751611013474
0 0.57209375 0.39306385471587585 0.0325390625 0.026578793204452254
0 0.5560937499999999 0.41561218512009374 0.0324140625 0.02186877562975981
0 0.567375 0.44005272407732865 0.0403125 0.026145284124194496
0 0.5679609375 0.4640480374926772 0.03915625 0.027234915055653192
0 0.5558046875 0.48929115407147045 0.033390625 0.025588752196836557
0 0.55971875 0.5134329232571763 0.0350390625 0.02638547158758055
0 0.5484843749999999 0.5381487990626831 0.0365078125 0.024850615114235503
0 0.5549296874999999 0.5622554188635032 0.034734375 0.026731107205623904
0 0.5531953125 0.5872290568248388 0.03203125 0.023397773872290566
0 0.5506328125 0.6126362038664324 0.0276796875 0.027873462214411247
0 0.54965625 0.6379437609841828 0.0349921875 0.02578207381370826
0 0.552046875 0.6640949033391915 0.0413203125 0.025957820738137082
0 0.552265625 0.6888400702987697 0.0487109375 0.026221441124780316
0 0.5503515625000001 0.7148740480374927 0.047195312499999996 0.023854715875805507
0 0.5494765625 0.7401113063854715 0.0423515625 0.026836555360281195
0 0.5416328125 0.7679261862917398 0.044437500000000005 0.027445811364967782
0 0.5402734375 0.7948037492677211 0.04634375 0.026174575278265964
0 0.5331171875 0.8217984768599883 0.0413046875 0.026883421206795547
0 0.5348437500000001 0.848904510837727 0.043203124999999995 0.02607498535442296
0 0.5346171875 0.8758055067369654 0.048171874999999996 0.02660222612770943
0 0.5325624999999999 0.9024663151728178 0.050234375 0.026063268892794377